


dt458 =

    0.0484


dt473 =

    1.1971


dt533 =

    1.2731


dt537 =

    1.4673


dt441 =

    1.5298


dt446cb =

    2.1972


dt456dr =

    4.1141


dt458 =

    0.0246


dt473 =

    1.3708


dt533 =

    1.4225


dt537 =

    1.4815


dt441 =

    1.5514


dt446cb =

    7.9944


dt456dr =

    9.9631


dt458 =

    0.0252


dt473 =

    1.4518


dt533 =

    1.5038


dt537 =

    1.5581


dt441 =

    1.6307


dt446cb =

    7.8935


dt456dr =

    9.7969


dt458 =

    0.0243


dt473 =

    1.4030


dt533 =

    1.4548


dt537 =

    1.5257


dt441 =

    1.6002


dt446cb =

    7.8221


dt456dr =

    9.7158


dt458 =

    0.0243


dt473 =

    1.3761


dt533 =

    1.4287


dt537 =

    1.4825


dt441 =

    1.5417


dt446cb =

    2.1614


dt456dr =

    4.0755


dt458 =

    0.0244


dt473 =

    1.5139


dt533 =

    1.5657


dt537 =

    1.6246


dt441 =

    1.7004


dt446cb =

    7.7525


dt456dr =

    9.6855


dt458 =

    0.0245


dt473 =

    1.4277


dt533 =

    1.4802


dt537 =

    1.5394


dt441 =

    1.6023


dt446cb =

    7.5852


dt456dr =

    9.4817


dt458 =

    0.0290


dt473 =

    1.5007


dt533 =

    1.5528


dt537 =

    1.6123


dt441 =

    1.6727


dt446cb =

    7.4954


dt456dr =

    9.3918


dt458 =

    0.0244


dt473 =

    1.3327


dt533 =

    1.3849


dt537 =

    1.4384


dt441 =

    1.5201


dt446cb =

    7.4572


dt456dr =

    9.3917


dt458 =

    0.0249


dt473 =

    1.3796


dt533 =

    1.4322


dt537 =

    1.4864


dt441 =

    1.5576


dt446cb =

    7.3144


dt456dr =

    9.2172


dt458 =

    0.0246


dt473 =

    1.4594


dt533 =

    1.5120


dt537 =

    1.5708


dt441 =

    1.6309


dt446cb =

    7.2279


dt456dr =

    9.1184


dt458 =

    0.0245


dt473 =

    1.3849


dt533 =

    1.4371


dt537 =

    1.4912


dt441 =

    1.5517


dt446cb =

    7.1408


dt456dr =

    9.0930


dt458 =

    0.0248


dt473 =

    1.3660


dt533 =

    1.4181


dt537 =

    1.4727


dt441 =

    1.5483


dt446cb =

    8.0255


dt456dr =

    9.9344


dt458 =

    0.0245


dt473 =

    1.4679


dt533 =

    1.5202


dt537 =

    1.5844


dt441 =

    7.3482


dt446cb =

    8.0059


dt456dr =

    9.9138


dt458 =

    0.0247


dt473 =

    1.5433


dt533 =

    1.5960


dt537 =

    1.6572


dt441 =

    7.2562


dt446cb =

    7.9033


dt456dr =

    9.8044


dt458 =

    0.0269


dt473 =

   25.3854


dt533 =

   25.4591


dt537 =

   25.5151


dt441 =

   25.5821


dt446cb =

   26.2834


dt456dr =

   28.2653


dt458 =

    0.0251


dt473 =

    1.5156


dt533 =

    1.5681


dt537 =

    1.6288


dt441 =

    7.0017


dt446cb =

    7.6743


dt456dr =

    9.5868


dt458 =

    0.0289


dt473 =

    1.3039


dt533 =

    1.3566


dt537 =

    1.4106


dt441 =

    1.4861


dt446cb =

    7.5211


dt456dr =

    9.4127


dt458 =

    0.0247


dt473 =

    1.3584


dt533 =

    1.4104


dt537 =

    1.4642


dt441 =

    1.5368


dt446cb =

    7.4139


dt456dr =

    9.3064


dt458 =

    0.0250


dt473 =

    1.4184


dt533 =

    1.4714


dt537 =

    1.5258


dt441 =

    1.6147


dt446cb =

    7.3415


dt456dr =

    9.2841


dt458 =

    0.0248


dt473 =

    1.3416


dt533 =

    1.3939


dt537 =

    1.4479


dt441 =

    1.5170


dt446cb =

    7.2418


dt456dr =

    9.1420


dt458 =

    0.0246


dt473 =

    1.3674


dt533 =

    1.4200


dt537 =

    1.4740


dt441 =

    1.5436


dt446cb =

    7.1654


dt456dr =

    9.0613


dt458 =

    0.0257


dt473 =

    1.3695


dt533 =

    1.4225


dt537 =

    1.4816


dt441 =

    1.5472


dt446cb =

    8.0152


dt456dr =

    9.9521


dt458 =

    0.0244


dt473 =

    1.3477


dt533 =

    1.4003


dt537 =

    1.4589


dt441 =

    1.5191


dt446cb =

    7.9488


dt456dr =

    9.8441


dt458 =

    0.0247


dt473 =

    1.4660


dt533 =

    1.5184


dt537 =

    1.5931


dt441 =

    7.2575


dt446cb =

    7.9123


dt456dr =

    9.8177


dt458 =

    0.0243


dt473 =

    1.3498


dt533 =

    1.4022


dt537 =

    1.4718


dt441 =

    1.5415


dt446cb =

    7.8272


dt456dr =

    9.7727


dt458 =

    0.0248


dt473 =

    1.2089


dt533 =

    1.2614


dt537 =

    1.3156


dt441 =

    1.3792


dt446cb =

    1.9992


dt456dr =

    3.8884


dt458 =

    0.0245


dt473 =

    1.3211


dt533 =

    1.3732


dt537 =

    1.4266


dt441 =

    1.4924


dt446cb =

    7.6469


dt456dr =

    9.5532


dt458 =

    0.0290


dt473 =

    1.3105


dt533 =

    1.3629


dt537 =

    1.4167


dt441 =

    1.4810


dt446cb =

    2.1377


dt456dr =

    4.0500


dt458 =

    0.0250


dt473 =

    1.4245